"Pt.No" "DOS.yr" "Age" "duration" "IntrOp.Comp" "Diagnosis" "Stage" "General.diet" "BadPain" "LongStay" "HYS" "OV" "LNS" "TOR" "AddPro" "Comps" "Morphine"
"1" 1 96 59 2 1 2 4 4 0 0 0 3 2 1 0 0 58.2
"2" 2 96 48 2 1 2 2 4 0 0 0 3 3 0 1 0 169.8
"3" 3 96 27 4 1 1 2 5 0 0 1 1 2 0 0 0 317.5
"4" 4 96 69 2 1 2 8 5 1 1 0 3 3 0 1 0 164.6
"5" 5 96 51 2 1 1 2 2 1 0 1 3 3 0 0 0 64.1
"6" 6 96 79 3 6 2 8 5 0 1 1 3 3 0 1 1 90.4
"7" 7 96 40 4 5 1 2 5 1 1 1 1 2 0 0 1 110.7
"8" 8 96 48 3 2 1 2 4 0 0 1 3 2 0 0 1 142.3
"9" 9 96 63 1 1 2 8 5 0 1 0 3 3 0 0 0 81.4
"10" 10 96 53 4 2 2 5 5 0 1 1 3 3 0 0 1 136
"11" 11 96 85 6 1 2 1 7 0 1 0 3 2 0 0 0 50.2
"12" 12 96 59 1 1 2 2 3 0 0 0 3 2 0 0 0 112.6
"13" 13 96 42 3 1 1 2 4 1 0 1 3 2 1 0 0 119.9
"14" 14 96 63 2 1 2 1 3 0 0 1 3 3 0 0 0 50.1
"15" 15 96 80 3 2 1 2 5 0 1 1 3 3 0 0 1 147.8
"16" 16 96 66 2 1 1 2 3 0 0 1 3 2 0 0 0 93.6
"17" 17 96 68 3 1 3 2 6 0 1 0 3 3 0 0 0 124.6
"18" 18 96 33 4 1 1 2 4 1 0 1 1 2 1 0 0 178
"19" 19 96 77 1 1 2 3 5 0 1 0 3 3 0 0 0 57.6
"20" 20 96 41 1 1 2 8 3 NA 0 0 3 3 1 0 0 0
"21" 21 96 41 3 1 1 2 3 0 0 1 3 2 0 0 0 143.8
"22" 22 96 51 3 1 2 2 4 1 0 1 3 3 0 1 0 204.3
"23" 23 96 38 3 2 1 2 3 0 0 1 3 2 1 0 1 103
"24" 24 96 61 1 1 2 6 4 0 0 0 3 3 0 1 0 136.3
"25" 25 96 48 1 1 3 10 3 1 0 0 3 1 0 0 0 184.1
"26" 26 96 38 3 1 1 2 3 0 0 1 1 2 1 0 0 40.1
"27" 27 96 41 4 1 1 1 4 0 1 1 3 2 1 0 0 79.5
"28" 28 96 66 4 1 2 3 6 0 1 0 3 1 0 0 0 139.9
"29" 29 96 69 1 1 2 2 5 0 1 0 3 1 0 0 0 24.7
"30" 30 96 54 4 1 1 2 3 1 0 1 1 3 0 1 0 143.2
"31" 31 96 28 3 2 1 2 4 1 0 0 1 1 1 0 1 186.4
"32" 32 96 76 1 1 2 1 3 1 0 0 3 2 0 1 0 95.6
"33" 33 96 50 2 1 2 1 3 1 0 0 3 3 0 0 0 127.8
"34" 34 96 42 4 1 1 2 3 NA 0 1 1 3 0 0 0 101.5
"35" 35 96 68 1 1 2 2 3 NA 0 0 3 3 0 0 0 0
"36" 36 96 56 3 1 2 8 4 0 0 0 3 3 0 0 0 43.4
"37" 37 96 30 3 1 1 2 3 0 0 1 1 2 0 0 0 139.1
"38" 38 96 57 3 1 2 2 4 1 0 0 3 2 0 0 0 188
"39" 39 96 48 1 1 2 1 5 1 1 0 3 2 0 0 0 198
"40" 40 96 49 3 1 2 1 3 0 0 0 3 3 1 0 0 33.2
"41" 41 96 61 1 2 2 2 4 0 1 0 3 2 0 0 1 36.7
"42" 42 96 52 1 1 2 2 3 0 0 0 3 2 0 0 0 66
"43" 43 96 82 1 1 3 1 4 1 0 0 3 3 0 0 0 201
"44" 44 96 63 2 1 2 10 4 0 0 0 3 3 0 0 0 50.4
"45" 45 96 80 2 1 2 3 5 0 1 0 3 3 0 1 0 62.7
"46" 46 96 65 3 7 2 2 5 0 1 0 3 2 0 1 1 81.8
"47" 47 96 54 2 1 2 8 4 1 1 0 3 3 0 1 0 182.7
"48" 48 96 61 1 1 2 2 4 0 0 0 3 1 0 0 0 48.1
"49" 49 96 77 1 1 2 1 3 0 0 0 3 3 0 0 0 37.3
"50" 50 96 29 3 1 1 2 2 0 0 1 1 2 0 0 0 199.3
"51" 51 97 64 1 1 2 2 4 0 0 0 3 3 0 0 0 78.6
"52" 52 96 63 NA 1 2 2 5 0 1 0 3 1 0 1 0 128.2
"53" 53 97 77 2 1 2 2 7 0 1 0 3 3 0 0 0 64.9
"54" 54 97 52 1 1 2 1 4 0 0 0 3 2 1 0 0 113.2
"55" 55 97 34 2 1 1 2 3 1 0 1 1 2 1 0 0 153.8
"56" 56 97 77 1 1 2 2 6 1 1 0 3 2 0 0 0 58.7
"57" 57 97 28 1 1 3 11 2 NA 0 0 3 3 1 0 0 0
"58" 58 97 73 2 1 2 10 4 0 0 0 3 1 0 1 0 123.1
"59" 59 97 55 2 1 2 3 3 1 0 0 3 3 0 0 0 73.8
"60" 60 97 53 2 1 2 1 2 0 0 0 3 3 1 0 0 18
"61" 61 97 39 3 1 1 2 3 1 0 1 3 3 1 0 0 58.7
"62" 62 97 55 2 1 2 8 4 0 0 0 3 3 0 0 0 158.8
"63" 63 97 79 NA 1 2 8 3 NA 0 0 3 3 0 0 0 43.4
"64" 64 97 50 5 1 1 2 5 0 1 1 3 3 1 0 0 143.2
"65" 65 97 67 1 1 2 1 2 NA 0 0 3 1 1 1 0 0
"66" 66 97 82 1 1 2 5 2 NA 0 0 3 2 1 0 0 7
"67" 67 97 48 2 1 2 2 4 1 0 0 3 2 1 1 0 172.2
"69" 69 97 87 1 1 2 8 5 NA 1 0 3 1 0 1 0 100.2
"70" 70 97 64 1 1 3 11 4 0 1 0 3 1 1 0 0 49.5
"71" 71 97 30 4 1 1 2 2 1 0 1 1 3 1 0 0 73.7
"72" 72 97 44 3 1 1 2 3 0 0 1 1 2 1 0 0 153.8
"73" 73 97 60 2 1 2 2 3 0 0 0 3 3 1 0 0 126.6
"74" 74 97 63 1 1 2 2 2 0 0 0 3 1 1 1 0 26
"75" 75 97 59 1 1 2 3 3 0 0 0 3 2 1 0 0 28.8
"76" 76 97 50 4 1 2 8 5 1 1 0 3 3 1 0 0 310.3
"77" 77 97 49 1 1 2 1 2 1 0 0 3 1 1 0 0 74.3
"78" 78 97 46 4 1 1 2 2 0 0 1 1 3 1 0 0 65.8
"79" 79 97 54 1 1 2 1 3 0 0 0 3 3 1 0 0 122.5
"80" 80 97 31 4 1 1 2 5 1 1 1 1 3 1 0 0 78.7
"81" 81 97 84 1 1 2 5 1 0 0 0 3 3 1 0 0 22
"82" 82 97 56 4 1 2 2 2 1 0 0 3 3 1 0 0 69.3
"83" 83 97 71 2 1 2 1 3 0 0 0 3 1 0 1 0 78.9
"84" 84 97 40 2 1 2 1 3 0 0 0 3 3 1 0 0 95.9
"85" 85 97 76 2 1 2 1 7 0 1 0 3 3 0 0 0 152.6
"86" 86 97 33 3 2 1 2 2 1 1 1 3 2 1 1 1 154.2
"87" 87 97 58 3 1 1 2 2 0 0 0 3 3 1 0 0 86.8
"88" 88 97 29 4 1 1 2 2 1 0 1 1 2 1 1 0 75.4
"89" 89 97 60 2 1 2 7 2 0 0 0 3 3 1 1 0 148.3
"90" 90 97 26 4 1 1 2 2 1 0 1 1 2 1 0 0 162.9
"91" 91 97 35 2 1 1 2 2 0 0 1 1 2 1 0 0 109.2
"92" 92 97 65 3 1 1 2 2 0 0 1 1 2 1 0 0 22.1
"93" 93 97 77 2 1 2 2 3 1 1 0 3 2 1 0 0 46.6
"94" 94 97 44 1 1 2 6 3 1 0 0 3 3 1 0 0 176.6
"95" 95 97 69 1 1 2 2 2 1 0 0 3 2 0 1 0 43.2
"96" 96 97 79 1 1 2 8 2 0 0 0 2 3 1 0 0 48.4
"97" 97 97 46 3 2 1 2 5 0 1 1 1 3 1 0 1 157.3
"98" 98 97 61 6 1 2 7 2 0 0 0 3 2 1 0 0 70.3
"99" 99 97 48 1 1 2 2 2 1 0 0 3 3 1 0 0 32.4
"100" 100 97 65 1 1 2 2 2 0 0 0 2 1 1 0 0 34.9
"101" 101 97 77 1 1 2 3 3 1 0 0 3 3 1 1 0 37.6
"102" 102 97 49 3 1 1 1 3 1 0 1 3 2 0 0 0 75.9
"103" 103 97 83 1 1 3 2 2 0 0 0 3 3 0 0 0 6
"104" 104 97 24 2 1 1 1 2 0 0 1 1 2 1 0 0 92.5
"105" 105 97 39 3 1 1 2 2 0 0 1 1 3 1 0 0 75.8
"106" 106 97 32 3 1 1 2 2 0 0 0 3 2 1 0 0 87.1
"107" 107 97 34 4 1 1 2 4 1 0 1 1 2 1 0 0 124
"108" 108 97 31 3 1 1 1 3 0 0 1 1 2 1 0 0 42.5
"109" 109 98 37 3 1 1 2 3 0 0 1 2 3 0 0 0 86.3
"110" 110 98 74 1 1 2 2 5 0 0 0 3 3 1 0 0 50.2
"111" 111 98 35 3 1 1 1 1 0 0 1 1 3 1 0 0 130.6
"112" 112 98 69 6 1 2 1 3 0 0 0 3 1 1 0 0 23
"113" 113 98 53 3 1 2 10 3 0 0 0 3 3 1 0 0 133.9
"114" 114 98 30 3 1 1 1 2 1 0 1 1 2 0 0 0 88
"115" 115 98 47 2 1 2 2 4 0 0 0 3 3 1 0 0 44.2
"116" 116 98 40 1 1 2 1 3 1 1 0 3 1 0 1 0 300.4
"117" 117 98 64 1 1 2 8 7 0 1 0 3 2 1 0 0 44
"118" 118 98 92 1 1 2 4 2 0 0 0 3 2 1 0 0 11
"119" 119 98 58 1 1 2 8 3 1 0 0 3 2 1 1 0 67.5
"120" 120 98 58 2 1 2 2 2 0 0 0 3 3 1 0 0 136.2
"121" 121 98 55 1 1 2 2 2 0 0 0 3 3 1 0 0 59.6
"122" 122 98 33 3 1 1 2 3 0 0 1 1 2 1 0 0 96
"123" 123 98 70 2 1 3 2 4 0 0 0 3 3 1 0 0 30.3
"124" 124 98 41 3 1 1 2 NA 0 0 1 1 1 1 1 0 49.6
"125" 125 98 63 1 1 2 2 2 0 0 0 3 2 1 0 0 102.3
"126" 126 98 52 1 1 2 2 2 0 0 0 3 1 1 0 0 89.2
"127" 127 98 38 3 1 1 1 3 0 0 1 1 2 1 0 0 72.1
"128" 128 98 37 1 4 2 1 2 0 0 0 3 2 1 0 1 17
"129" 129 98 62 1 1 1 2 3 0 0 0 3 3 1 0 0 12
"130" 130 98 78 1 1 2 2 2 0 0 0 3 2 1 0 0 48.7
"131" 131 98 49 1 1 2 2 2 0 0 0 3 3 1 0 0 53.3
"132" 132 98 67 6 1 2 2 2 0 0 0 3 2 0 0 0 54.6
"133" 133 98 86 1 1 3 1 3 1 0 0 3 3 1 0 0 33
"134" 134 98 64 1 1 2 1 2 0 0 0 3 3 1 1 0 57.8
"135" 135 98 79 1 1 2 4 3 0 0 0 3 3 1 0 0 10.8
"136" 136 98 60 1 1 3 2 2 1 0 0 3 3 1 0 0 102.7
"137" 137 98 71 2 1 2 2 4 0 0 0 3 3 0 0 0 80.1
"138" 138 98 44 4 1 1 2 3 0 0 1 3 2 1 0 0 36
"139" 139 98 73 1 1 2 2 2 0 0 0 3 2 0 0 0 47.6
"140" 140 98 39 1 1 2 1 2 0 0 0 3 3 1 0 0 31.5
"141" 141 98 59 1 1 2 1 3 0 0 0 3 2 1 0 0 31
"142" 142 98 51 3 2 2 1 2 0 0 1 3 2 1 0 1 39.5
"143" 143 98 84 1 1 2 1 3 1 0 0 3 3 1 0 0 37.9
"144" 144 98 68 2 1 1 2 3 0 0 1 3 2 1 0 0 147.4
"145" 145 98 38 3 1 1 2 2 0 0 1 1 2 1 0 0 54.2
"146" 146 98 69 1 1 2 8 2 0 0 0 3 3 1 1 0 39.1
"147" 147 98 40 3 1 1 2 2 1 0 1 3 3 1 0 0 118.1
"148" 149 98 71 2 1 3 2 4 0 0 0 3 3 1 0 0 25.2
"149" 150 98 59 1 1 3 10 5 1 0 0 3 3 0 1 0 67.8
"150" 151 98 32 2 1 1 2 1 0 0 1 1 2 1 0 0 50.8
